Cov: 
 [[ 1.88060844e-04  3.01773913e-04  1.64072327e-04  8.78818841e-05]
 [ 3.01773913e-04  9.55271525e-03 -1.42749329e-03  3.32011574e-03]
 [ 1.64072327e-04 -1.42749329e-03  8.18940122e-04 -8.03961547e-04]
 [ 8.78818841e-05  3.32011574e-03 -8.03961547e-04  1.56677226e-03]]
Eigenvalues: 
 [1.10165447e-02 8.05955691e-04 2.54678566e-04 4.93095224e-05]
Eigenvectors:: 
 [[ 0.02622939  0.29076892  0.57217352 -0.7664091 ]
 [ 0.92725563  0.28646553 -0.23819131 -0.0374084 ]
 [-0.15612898  0.80186627  0.27715048  0.50578834]
 [ 0.33931217 -0.43635012  0.73421385  0.39420281]]
