Cov: 
 [[3.44262023e-04 1.81320796e-04 1.48513757e-04 3.15173544e-04
  2.59195356e-04]
 [1.81320796e-04 1.02167952e-04 8.71614520e-05 1.83681405e-04
  1.46993945e-04]
 [1.48513757e-04 8.71614520e-05 1.49306615e-04 1.86132837e-04
  1.37303714e-04]
 [3.15173544e-04 1.83681405e-04 1.86132837e-04 3.80312731e-04
  2.91594995e-04]
 [2.59195356e-04 1.46993945e-04 1.37303714e-04 2.91594995e-04
  2.30912710e-04]]
Eigenvalues: 
 [1.08999947e-03 7.43892521e-05 3.73681913e-05 3.10002774e-06
 2.10508709e-06]
Eigenvectors:: 
 [[-0.53322521 -0.56610793 -0.52246542  0.21410331  0.27637357]
 [-0.29881934 -0.16745109 -0.07091646 -0.84910613 -0.39579891]
 [-0.29259359  0.77109665 -0.56068284  0.02926711 -0.06765453]
 [-0.57779118  0.23732632  0.55678999 -0.13707635  0.53012127]
 [-0.45488925 -0.02383514  0.31244265  0.4620953  -0.69379765]]
